98
70
23
8
83
59
79
49
49
2
70
86
76
94
59
4
66
52
43
36
32
64
43
97
11
37
35
86
26
74
37
14
69
10
50
76
44
92
65
1
20
23
61
49
16
35
36
93
36
66
99
70
56
54
54
34
27
26
97
47
25
92
23
74
65
56
17
67
44
82
59
73
86
43
17
9
4
94
81
75
1
41
51
60
75
67
58
16
56
16
49
19
95
19
75
27
99
86
84
60
19
69
49
53
7
26
83
13
37
45
31
32
44
22
46
84
42
63
99
97
98
2
11
28
33
41
78
68
67
89
9
17
11
22
57
31
91
97
53
49
83
45
78
11
85
17
74
73
72
91
85
36
87
86
61
17
58
21
20
66
47
16
45
48
36
15
22
23
65
16
92
44
11
50
15
53
23
99
43
17
67
6
95
76
5
72
29
25
60
40
72
70
78
87
3
67
1
31
75
71
95
51
8
57
98
42
26
38
72
9
94
58
78
4
98
42
21
69
44
63
85
97
63
26
43
23
65
24
48
47
52
92
25
71
21
16
97
39
78
62
47
91
52
51
46
14
91
74
88
60
47
31
87
13
86
98
88
82
14
75
76
3
89
26
56
2
34
8
82
83
44
81
91
81
17
94
45
12
80
29
31
91
35
87
99
22
6
13
84
23
27
16
25
3
86
44
2
27
94
44
80
83
92
6
17
65
40
6
96
92
53
77
3
85
45
85
67
3
26
35
95
21
23
60
56
29
57
88
94
72
92
19
17
36
49
47
98
30
71
34
81
99
17
92
70
50
14
40
57
1
77
99
1
60
49
59
61
33
49
87
9
51
12
25
99
35
60
66
36
97
86
38
31
92
54
96
5
30
89
7
16
17
31
93
94
92
18
57
87
89
86
66
81
83
25
30
88
92
92
36
89
47
4
60
15
39
69
8
6
52
54
31
43
42
72
91
20
18
30
8
17
4
79
47
11
20
57
47
67
25
8
13
37
54
18
68
14
71
79
55
24
10
51
35
35
56
24
39
12
34
10
71
63
85
19
85
68
57
50
95
82
22
41
81
44
42
93
88
25
5
78
49
38
74
83
7
53
44
12
54
95
18
36
34
15
37
49
52
35
32
1
56
21
84
72
3
69
69
90
92
63
36
14
8
55
60
33
88
3
13
32
24
46
95
99
64
86
7
66
8
92
42
54
93
4
23
28
54
2
80
37
83
54
19
91
60
5
28
79
55
4
61
49
22
99
77
10
26
84
9
17
62
3
83
1
22
81
21
4
32
32
79
87
22
76
49
70
27
4
39
60
58
28
12
4
32
92
32
93
27
13
3
69
93
64
74
80
70
19
70
78
84
25
47
23
25
73
27
46
51
8
82
22
46
48
59
35
91
79
68
29
50
27
77
20
29
10
94
57
2
68
99
9
34
60
76
34
81
89
79
58
65
85
42
20
30
81
24
45
6
40
89
91
50
42
29
57
47
27
93
15
79
70
44
83
9
74
87
85
72
26
53
3
99
10
63
65
85
58
89
48
86
49
52
62
78
8
58
92
32
19
86
54
95
65
79
95
41
59
12
56
93
38
73
80
86
87
92
41
78
63
72
89
37
46
28
31
19
82
5
1
16
95
53
54
39
98
7
34
31
68
24
26
47
34
54
48
76
71
75
91
16
18
14
69
47
96
18
50
38
49
77
59
55
11
40
98
85
20
41
87
80
58
11
11
40
46
43
4
91
79
55
47
7
13
85
97
81
84
7
43
81
57
96
81
90
65
71
36
93
56
63
56
30
88
12
57
8
4
30
1
54
15
58
58
93
30
52
42
25
43
17
1
13
98
6
23
62
29
20
74
75
7
10
36
17
98
18
19
2
29
90
77
55
7
89
67
99
38
88
60
14
29
12
51
39
62
44
31
82
88
94
79
84
55
25
47
5
22
42
95
13
34
41
96
52
40
46
6
10
39
24
24
41
59
61
46
95
58
97
55
54
86
36
13
34
12
93
99
81
42
62
77
96
92
48
80
88
15
99
98
16
39
22
44
64
70
38
25
94
79
52
47
25
86
41
27
97
29
62
40
47
46
24
67
76
47
28
48
12
81
58
80
59
98
39
16
64
92
48
63
73
68
6
3
90
16
52
10
51
21
82
59
53
59
52
70
15
54
67
18
43
90
14
14
21
71
88
26
48
26
63
5
80
99
67
78
41
21
77
61
94
18
96
91
98
98
28
99
46
69
2
10
25
31
20
83
55
91
82
19
27
26
62
26
58
77
79
53
92
